#################################### 
# Matrix Size= (252,252,222)
# Resol      = (1,1,111)
# VoxelSize  = (252,252,2)
# nbVal      = 111
#################################### 
0
0
0
0
0
0
0
0
0
0
0
0
0
0
0
0
0
0
0
0
0
0
0
0
4.504605966e-13
7.40246082e-13
1.296780038e-12
1.561053048e-12
2.816776818e-12
2.322379989e-12
1.296132714e-12
1.549388898e-12
1.925583949e-12
1.728051886e-12
2.720064304e-12
2.115729938e-12
1.650482321e-12
2.031428453e-12
2.601417115e-12
3.844450019e-12
5.503834809e-12
5.111112267e-12
5.609034749e-12
5.95067728e-12
5.385094498e-12
6.619978237e-12
7.120921696e-12
7.622486745e-12
8.694261509e-12
4.647770045e-12
5.372800876e-12
5.308509204e-12
4.91170263e-12
4.51443693e-12
4.27581141e-12
4.946905825e-12
4.99915588e-12
4.024062187e-12
9.152091695e-12
6.818446582e-12
6.594640373e-12
4.719662539e-12
4.106450871e-12
4.783530121e-12
6.279869907e-12
5.831985464e-12
4.945645867e-12
8.837893649e-12
4.88540267e-12
2.747840076e-12
3.358135345e-12
2.52147291e-12
3.015054467e-12
3.468283373e-12
1.832289067e-12
2.851066793e-12
3.898698263e-12
5.838255534e-12
3.688234833e-12
1.758859781e-12
1.668730651e-12
3.368389827e-12
2.457728892e-12
2.143285138e-12
2.657812938e-12
1.56963211e-12
7.296959124e-13
1.296882877e-12
1.771058323e-12
3.375150995e-12
3.224364363e-12
2.107474549e-12
3.261728103e-12
1.434725253e-12
1.658395954e-12
1.531060093e-12
1.216723013e-12
2.500835375e-12
3.234065776e-12
3.529069993e-12
4.995588974e-12
4.095022047e-12
6.210362773e-12
6.640865707e-12
2.140927519e-12
1.538781245e-12
1.509295262e-12
2.68298637e-12
4.009357861e-12
1.612905088e-12
1.670370904e-12
