#################################### 
# Matrix Size= (252,252,222)
# Resol      = (1,1,111)
# VoxelSize  = (252,252,2)
# nbVal      = 111
#################################### 
0
0
0
0
0
0
0
0
0
0
0
0
0
0
0
0
0
0
0
0
0
0
0
0
0.5004346065
0.8368676341
1.425995095
1.511586776
2.962982454
2.079273968
1.195924719
1.358284002
1.637645286
1.472649182
2.289069321
1.787980241
1.388962915
1.709548022
2.208984174
3.209673258
4.451959713
4.233409711
4.728802684
4.886064478
4.393039476
5.189954841
4.894062935
2.818557486
3.798161148
2.340973669
3.306530804
3.512930424
4.10771973
3.861194399
3.636389804
4.142310744
4.230250928
3.435483356
7.794617159
5.737445781
5.457764825
3.917570729
3.455782532
4.014987103
5.283236745
4.907386377
4.162006835
7.384809243
4.11141898
2.34882339
2.826037819
2.121944791
2.50721344
2.861866947
1.489802439
2.348858825
3.237979628
4.742180494
3.103832947
1.480167935
1.404319793
2.834667475
2.068301032
1.803680982
2.227575771
1.324468017
0.6140753821
1.091391406
1.490433614
2.840357335
2.710218562
1.772237212
2.744906333
1.207392618
1.409243135
1.288463175
1.030622858
2.469846925
3.2036073
3.966087386
5.929749604
4.751812258
6.999139057
6.256422877
2.239643115
1.124109398
0.7117732638
0.8221897523
0.6409945902
0.3013162276
0.06302430224
