#################################### 
# Matrix Size= (252,252,222)
# Resol      = (1,1,111)
# VoxelSize  = (252,252,2)
# nbVal      = 111
#################################### 
1
1
1
1
1
1
1
1
1
1
1
1
1
1
1
1
1
1
1
1
1
1
1
1
1
0.7041737554
0.7036152445
0.6764965566
0.8706729282
0.6524173397
0.5956914913
0.5384928799
0.4937063535
0.49480713
0.5600089632
0.4625438929
0.4910065988
0.4607198044
0.4490504303
0.4362055961
0.4107981356
0.4068386767
0.3732505568
0.4209676975
0.3472513721
0.4186204736
0.4243825238
0.3918720093
0.3824852609
0.401025066
0.3926303269
0.3908075114
0.3979874698
0.4176416932
0.3519686452
0.3815773235
0.4099946574
0.3683023477
0.3671055102
0.3545065443
0.4090522987
0.4289294828
0.4048575639
0.444113018
0.4687119186
0.4234823377
0.3614897443
0.4599849079
0.4532257011
0.4800185041
0.4506408127
0.5203506472
0.4650341454
0.4970509901
0.5843659376
0.5790601523
0.6090177528
0.5360072612
0.4818422885
0.5765356592
0.5854382246
0.6772709362
0.7902309064
0.7517990878
0.8108204804
0.6956651212
0.5924826148
0.5574532856
0.4766559475
0.5830691588
0.4691289567
0.5195953125
0.5110507925
0.5815412092
0.5724132695
0.5853488952
0.5535315231
0.5091431029
0.4457989035
0.4536384238
0.5390268433
0.4293794441
0.4333540534
0.4669873438
0.5974455919
0.8027703194
0.8246646808
0.8690081921
0.9986961547
0.998474547
0.9954030497
