#################################### 
# Matrix Size= (252,252,222)
# Resol      = (1,1,111)
# VoxelSize  = (252,252,2)
# nbVal      = 111
#################################### 
15.11993403
15.45612683
15.18794005
15.5468586
15.2393418
15.45327191
15.21118508
15.6760751
15.43761445
15.27632853
15.15546718
15.06069347
15.2377235
15.23756648
15.76569672
19.70506533
133.058859
1385.643558
5263.773357
9912.340864
13643.5147
16066.3149
18225.91562
19721.80738
20484.42258
21267.0106
22402.62106
22510.37669
21708.47499
20711.9191
19952.74314
19894.94435
19507.19813
19827.96246
20146.59044
20665.08634
20993.58334
21434.70602
21958.9298
22684.52158
23363.40472
24368.04033
25218.13105
26329.65108
27238.44205
27516.13944
27030.90229
28436.225
32474.28632
37938.82203
45681.48089
49703.58003
45767.78804
35078.02962
24682.17395
17186.68497
12183.75294
9402.645291
7327.019908
5901.552128
4476.313612
3702.20042
2959.554325
2385.0034
2151.119258
1761.381398
1457.022126
1215.218486
866.5793594
649.9844549
516.7124851
426.5112823
334.7246354
253.2416583
125.0223081
107.4854795
60.46888731
13.46746178
2.556688054
3.202597891
4.783459317
4.262172982
3.593889587
1.530462398
2.129008623
3.654689304
3.353954098
1.895963887
1.514796633
2.636484599
2.984412351
3.024714356
2.476647979
2.17037618
0.7127231589
1.024983394
2.850279923
0.6680621629
0.4710516493
1.038305518
0.7269675246
1.8327738
0.8411966112
0.06891179529
0.288136217
0
0.1366198813
0.6889447075
0.5311331148
0.1582872615
0.06933635894
