#################################### 
# Matrix Size= (252,252,222)
# Resol      = (1,1,111)
# VoxelSize  = (252,252,2)
# nbVal      = 111
#################################### 
0.01327946704
0.01331680173
0.01356560794
0.01337859592
0.01268679905
0.013976071
0.01302213171
0.01379535276
0.01371325769
0.0133029314
0.01313262267
0.01340709654
0.01298289004
0.01384790875
0.02360075988
0.03979053495
0.03237695355
0.01262731872
0.008103516142
0.006317623223
0.00794746472
0.00397224964
0.005330024563
0.007299823988
0.006737040298
0.005760789465
0.006865410074
0.005757042254
0.005446706596
0.006353271973
0.006317212579
0.007167706497
0.005009737078
0.005940679256
0.005296520374
0.005430999851
0.005072186119
0.00567532237
0.005457251029
0.005575772139
0.004808512589
0.005361893376
0.005027661732
0.005915204645
0.004502142179
0.005090065337
0.006264126811
0.006471987381
0.006505531183
0.006109607208
0.006278010143
0.00682495819
0.008332592062
0.0110382395
0.01470072865
0.01856148444
0.02260666618
0.02613762798
0.03020679846
0.03405087596
0.03804067602
0.04277843502
0.04792370282
0.05298526497
0.05710755726
0.06362051312
0.06957879408
0.07899668402
0.09133356868
0.1053664013
0.119840486
0.1393685602
0.1545956994
0.1821817212
0.2439683882
0.2862584729
0.3807258013
0.7903522998
0.3790374583
0.3232137438
0.3298775043
0.462157864
0.420826529
0.6255165674
0.4496861908
0.4194859142
0.4428380216
0.4753068652
0.422296482
0.386832612
0.5104039421
0.6719890518
0.4991189499
0.6079546819
0.8833562664
0.5575467032
0.5945318575
0.7074311605
0.9789245905
0.6710620093
0.8860986793
0.7453030792
1
1
1
1
1
1
1
1
1
