#################################### 
# Matrix Size= (252,252,222)
# Resol      = (1,1,111)
# VoxelSize  = (252,252,2)
# nbVal      = 111
#################################### 
0.06317169098
0.06624936414
0.06551296815
0.06742813287
0.06059977869
0.07052134019
0.0623705923
0.07133634031
0.06864439603
0.06463083973
0.06257820881
0.06345012724
0.06235149381
0.06773844836
0.1632872041
0.6535412307
20.32782302
498.1139008
4590.004248
13746.62733
30370.73164
29885.15771
42654.52533
59619.02531
61004.46131
60236.942
73840.79578
67464.42126
61105.01578
60212.14926
55697.13066
59913.92751
47602.48098
53188.27487
51973.71885
55299.35972
55410.62665
60741.6291
62578.545
67455.28442
67204.60626
76450.16269
79669.06171
93579.21743
89230.21395
95328.34014
101735.0563
114728.815
150085.3005
197657.256
290919.3609
362106.5821
354893.2332
272955.4256
192564.9829
131295.6634
90700.70506
69234.3097
54348.73938
43860.90958
30996.79687
26450.55216
20990.42823
16536.61347
15552.15717
12866.43169
10488.73055
9362.414345
6338.841481
4732.182758
3860.78299
3551.22052
2688.687166
2134.730887
931.810977
947.7691856
530.3281504
113.3023823
0.9396768497
1.072399495
2.491983097
3.881527881
2.28842897
0.9166225186
0.9169491369
2.351467684
2.206896807
0.8123759872
0.4093960442
1.040742682
2.320966961
4.131862609
1.528507466
1.741351758
0.3963927991
0.3266573474
2.872134139
0.2233806082
0.2126363084
0.4855440514
0.4149598535
1.866028705
0.7076117387
0.004748835529
0.08302247953
0
0.01866499196
0.47464481
0.2821023857
0.02505485715
0.004807530671
