#################################### 
# Matrix Size= (252,252,222)
# Resol      = (1,1,111)
# VoxelSize  = (252,252,2)
# nbVal      = 111
#################################### 
0
0
0
0
0
0
0
0
0
0
0
0
0
0
0
0
0
0
0
0
0
0
0
0
0.2504347954
0.3508054816
1.01698248
1.058068682
6.676548828
1.86507122
0.5167440556
0.5480838899
0.6739797739
0.5473478798
1.679231636
0.7090901145
0.479751378
0.6433714578
1.022912023
2.043634685
3.509469293
3.115922182
3.307787172
4.427164953
2.496833437
4.942437023
4.510122266
1.287193858
2.233611146
0.927313339
1.777915264
1.989357205
2.814646861
2.723548677
1.753983695
2.644937855
3.156944435
1.702991154
8.713560194
4.424814553
5.232137373
2.948852516
2.057329492
3.308880752
6.349945579
4.516515336
2.414175937
11.96889976
3.60657739
1.313665827
1.685519678
1.251993934
1.40868279
2.085156549
0.7725424457
1.886626937
3.95469082
6.621239835
2.310664496
0.7428662425
0.6888802257
3.729273164
2.687443975
1.852896641
3.279227252
0.8580051654
0.134818703
0.3783600755
0.5218692265
2.795998032
1.673851975
0.8708862991
2.023477131
0.502660448
0.6640681403
0.5797315775
0.3328173216
1.626508387
2.121888642
3.361939738
10.46575302
4.347116284
9.597609841
8.842224045
1.822673531
0.8188216888
0.3461596191
0.5121504372
0.4098140381
0.09051745189
0.003935992209
