#################################### 
# Matrix Size= (252,252,222)
# Resol      = (1,1,111)
# VoxelSize  = (252,252,2)
# nbVal      = 111
#################################### 
1.576317883e-08
1.611367423e-08
1.583407802e-08
1.620826598e-08
1.588766654e-08
1.611069784e-08
1.585831196e-08
1.634297972e-08
1.609437428e-08
1.59262268e-08
1.580022366e-08
1.570141801e-08
1.58859794e-08
1.580525747e-08
1.56518938e-08
1.579978558e-08
1.575280563e-08
1.748009991e-08
1.891486166e-08
1.951787643e-08
1.983556704e-08
1.975265329e-08
1.998652231e-08
1.989761798e-08
1.984637503e-08
1.992583868e-08
2.031464402e-08
2.074745799e-08
2.141598508e-08
2.215397086e-08
2.289293252e-08
2.367525446e-08
2.362953026e-08
2.407949081e-08
2.450235529e-08
2.518412307e-08
2.551012136e-08
2.626127514e-08
2.6917109e-08
2.783141933e-08
2.857591346e-08
2.962214269e-08
3.066486685e-08
3.192926535e-08
3.279237658e-08
3.453017281e-08
3.686309945e-08
3.871924575e-08
4.169405445e-08
4.639434396e-08
5.388746801e-08
5.812837261e-08
5.420476676e-08
4.25047375e-08
2.943232088e-08
1.983610693e-08
1.391461918e-08
1.069439741e-08
8.480108655e-09
6.924121379e-09
5.37392032e-09
4.420446299e-09
3.522112676e-09
2.835474364e-09
2.570293881e-09
2.111510007e-09
1.761260882e-09
1.451096896e-09
1.036903255e-09
7.789585392e-10
6.26095627e-10
5.244533165e-10
4.196744262e-10
3.372598764e-10
1.633938067e-10
1.317391501e-10
7.713081097e-11
2.478221168e-11
2.27834212e-11
8.07190794e-12
1.347963804e-11
1.426401936e-11
8.232685438e-12
4.893746812e-12
6.589381307e-12
8.167824511e-12
7.911716361e-12
1.865549212e-11
8.812500232e-12
4.711425521e-12
3.537893157e-12
3.7771804e-12
3.357265984e-12
3.037191486e-12
8.277389722e-13
1.205828942e-12
6.333386301e-12
8.533622682e-13
5.585497762e-13
1.849250893e-12
8.553882268e-13
2.01741686e-12
6.719783024e-13
5.120728782e-14
3.539384027e-12
0
1.133906066e-13
6.084851985e-13
7.868177593e-13
7.617523978e-13
8.517082785e-13
