#################################### 
# Matrix Size= (50,400,400)
# Resol      = (100,1,1)
# VoxelSize  = (0.5,400,400)
# nbVal      = 100
#################################### 
4.954612512
5.734605183
5.46536552
5.152748504
9.396349467
6.275020975
11.70187711
5.015095702
11.1230775
6.994153005
15.28658262
15.66109205
16.37053474
13.8006857
16.02353808
23.79094954
18.64537637
30.10667007
33.81995136
21.65519649
19.19792289
36.33934766
35.90610781
41.33326575
42.43406923
32.4683476
54.42893297
50.54007122
62.29422995
63.98669906
84.00980365
88.35099229
125.0811166
111.7801682
143.137329
174.749864
232.4998441
291.3164674
323.8472074
387.9052957
441.2579671
546.0737812
651.9944399
817.1524564
856.7487641
995.7302306
1011.33848
1066.057328
1224.763519
1177.682372
1146.490605
1073.457511
1238.7039
1241.494076
847.069342
924.1091808
881.1357238
651.5027978
483.0202535
497.8348704
413.9350215
358.8308467
229.3653408
215.1085201
149.1522155
141.6706693
132.9855439
92.85534918
85.40393509
62.02446854
69.01065599
62.12392368
63.88547992
42.28078075
35.63742189
42.87504205
38.32586998
40.74035225
32.56619984
47.39955438
35.74248712
20.25566992
23.1261098
35.92403954
26.74484378
18.9460937
14.74707648
12.11675235
31.4363197
23.60135507
11.83671975
11.00716665
11.90791065
7.676053773
10.70229193
9.177032229
5.937898318
5.908581936
3.699383828
7.417476947
