#################################### 
# Matrix Size= (400,400,400)
# Resol      = (1,1,100)
# VoxelSize  = (400,400,4)
# nbVal      = 100
#################################### 
16.91765029
61.55680761
115.5001245
220.0499062
255.1040232
239.381222
282.011948
307.8904201
374.9895365
415.292499
416.8541125
473.8889589
461.674955
457.6526641
431.1271129
547.5796309
426.9996398
405.6535547
455.7577263
367.9393728
450.1372358
470.7130411
435.183255
434.6217175
395.1452669
429.1021902
458.3293089
425.3648055
344.0075327
411.84641
437.585917
401.8146201
422.0792618
402.8505931
440.4671758
349.0499586
405.7102806
437.4641055
394.0165425
377.8919976
356.6527875
429.5365468
462.3487361
517.9729545
422.2687043
419.3586743
369.3265529
320.4355759
375.7991848
403.1032259
400.4609989
368.9226906
431.5584883
354.6973208
355.2575047
427.0778927
407.6502223
391.2453538
390.5354129
338.6619226
359.6689754
392.6774454
313.1728971
348.4388492
387.4732793
417.3880946
350.7565634
394.1508296
286.023505
360.6652826
351.7546477
333.7629957
355.0888746
304.8976457
314.1579614
296.4239892
220.4683625
370.1890243
328.0280808
336.0674678
329.1962221
320.9291486
370.2484949
331.0553723
277.9072702
299.7408131
298.8843216
256.99762
285.7601129
312.7821454
307.8088057
304.4536063
253.0598077
339.1503279
281.4828692
265.2039807
241.0692323
232.5161309
222.9186687
257.6847684
