#################################### 
# Matrix Size= (400,400,400)
# Resol      = (1,1,100)
# VoxelSize  = (400,400,4)
# nbVal      = 100
#################################### 
0.2511210061
0.157589993
0.1240314723
0.107201774
0.09466971101
0.07942589099
0.07982920986
0.07294975319
0.07196092691
0.06899387109
0.06830029319
0.06781769465
0.06672210761
0.07096232343
0.06987664302
0.07077176121
0.0749783067
0.07300599578
0.07355364023
0.07511059892
0.07271141383
0.07288088459
0.07322474439
0.07551060339
0.07340200603
0.07502426377
0.07232048063
0.07969742086
0.07544251929
0.07835079618
0.07602992439
0.07522998737
0.07720799124
0.0756005989
0.07952727888
0.077897621
0.07914254308
0.07784891893
0.07750655462
0.07484255776
0.07447345161
0.07342239936
0.07526622976
0.07685670456
0.07650810959
0.07700369845
0.07842278632
0.07609697811
0.07813121849
0.07838021203
0.07805709824
0.07538576179
0.07729594455
0.07669739007
0.07465649035
0.07632250418
0.08170670911
0.08026679479
0.07781903575
0.07919104398
0.08174476033
0.08464882526
0.0813008231
0.08132283792
0.08147153069
0.08243596338
0.08302406584
0.08343884102
0.07911574604
0.08346344746
0.0838255992
0.08553815876
0.085743366
0.08614753997
0.08738339727
0.08916624931
0.0877570418
0.08322734295
0.08374328491
0.08357282201
0.08052039412
0.08524227413
0.08656536179
0.08904387585
0.08777977415
0.0867851354
0.08371923708
0.08658729183
0.08294194223
0.08526192266
0.08223622055
0.08154647519
0.08300983488
0.08126589496
0.08227002787
0.08412620786
0.08258170756
0.0822234113
0.08033715103
0.08991304562
