#################################### 
# Matrix Size= (50,400,400)
# Resol      = (100,1,1)
# VoxelSize  = (0.5,400,400)
# nbVal      = 100
#################################### 
11.11333148
11.90183781
12.52558004
12.18170003
17.62984201
14.67096707
17.42196225
12.51565234
19.49565823
14.32041392
29.14647546
28.79685894
30.7850153
30.23963738
32.46175675
35.4824391
31.97552915
46.2852031
48.93917173
45.36758511
42.004444
59.73998468
57.99757514
69.29072076
72.00045311
66.16733625
89.64400982
84.78669462
95.76802321
104.8648204
127.6993583
123.9696486
148.6628293
164.8652734
190.6333402
211.3584156
256.8416381
299.5645293
339.0740141
356.0470149
424.0510274
482.2965366
534.1611171
606.6408379
675.2408718
744.8189725
769.1900401
782.3702091
843.437229
831.9348915
792.8341761
777.0664594
841.4002705
816.5424717
668.3832667
672.7756001
617.795406
540.419794
462.162948
437.0138516
378.8722982
326.6267638
265.5669103
240.6511187
186.3385877
165.7620822
170.5374316
137.9775992
122.6390091
103.3571134
101.3679891
95.48040201
92.01223829
72.99084632
69.54618018
69.50763776
66.53469055
64.66042321
55.25500353
58.23721677
55.24333582
40.36240774
39.41694648
43.02818374
37.72918621
33.50982675
26.78970345
25.62188413
30.21014781
31.85481084
23.73445617
23.6580905
23.02158076
19.87130557
19.19287987
15.88795284
12.38876992
12.17180942
10.52322521
15.34182232
