#################################### 
# Matrix Size= (50,400,400)
# Resol      = (100,1,1)
# VoxelSize  = (0.5,400,400)
# nbVal      = 100
#################################### 
0.1998106891
0.200726972
0.186125083
0.1858235133
0.1733138488
0.1701756786
0.195859536
0.1783893098
0.1705017788
0.1841527853
0.1334091408
0.1367091149
0.1306792467
0.1220450888
0.1225111445
0.1367493735
0.1343125598
0.1177118223
0.1179983019
0.1016041268
0.103358648
0.09992157368
0.1023553749
0.09170943123
0.08937045782
0.08495585627
0.08108274483
0.08265453955
0.08120012921
0.07496585209
0.07037552114
0.0744980282
0.07389660405
0.0625562718
0.06115119518
0.06093071926
0.05766384201
0.05519851931
0.05115947484
0.05348363031
0.04747997279
0.04634677835
0.04566712449
0.04495384376
0.04098018974
0.03994019197
0.03885414994
0.039267526
0.03901232744
0.03875395599
0.0403019206
0.03972476288
0.0393700957
0.04077210164
0.04118820289
0.04291882553
0.04592436346
0.04506851528
0.04540705238
0.04906327124
0.05180938981
0.05625026721
0.05525242281
0.05928781165
0.06400329689
0.07040562207
0.06613239375
0.06839847389
0.07402314316
0.07488118578
0.08073018225
0.08133736366
0.0857167905
0.08796380221
0.08467352154
0.09314582902
0.09197421607
0.09770436526
0.1023163769
0.1173815936
0.1073039549
0.1106160969
0.1211920748
0.1385904021
0.1363521875
0.1291343294
0.1426607762
0.1351324513
0.185072513
0.1518663552
0.1442789821
0.139534583
0.1492397385
0.138720416
0.1698797841
0.1901641886
0.196203232
0.1992224254
0.1822448778
0.1769750697
