#################################### 
# Matrix Size= (400,400,400)
# Resol      = (1,1,100)
# VoxelSize  = (400,400,4)
# nbVal      = 100
#################################### 
16.35470384
49.59190048
86.09884675
137.200214
166.8774295
191.7995629
207.1590308
236.1591966
264.0741274
289.3817474
292.7489818
314.2633224
315.0629653
295.6816771
291.2696415
324.2672931
270.8501319
270.8705765
285.0507141
250.9944357
286.4500028
292.2672866
279.7485273
271.396064
265.9486114
271.3555365
290.549853
254.8276697
241.6630639
254.9203828
270.5223231
261.8922514
261.7645443
260.9877087
259.8497646
236.004338
250.5617677
264.368884
251.9701436
255.2460689
249.1556699
277.2062831
280.7970778
291.2616216
264.1395915
261.5892197
241.1881171
231.29793
244.1715643
252.1083204
252.2878791
250.4434823
264.3962109
241.5073044
248.0793019
266.2640415
243.5109586
242.7126968
249.8795683
228.7874223
228.628218
230.9199037
214.4698778
226.1639469
238.0733973
244.2851137
222.3976888
234.6146172
210.4506059
224.3631522
220.6435349
210.7393076
216.8612653
200.0331575
200.2502552
190.723285
167.0576012
227.9328833
213.2758337
216.3015882
221.95579
207.3460303
219.3942445
201.8269466
187.5138799
196.9150384
203.6380708
182.7409935
200.9304861
204.6513939
210.2765638
210.8448054
188.9345142
223.2808495
201.0031949
190.9191717
185.3329438
182.7858628
183.0509819
176.3832695
