#################################### 
# Matrix Size= (50,400,400)
# Resol      = (100,1,1)
# VoxelSize  = (0.5,400,400)
# nbVal      = 100
#################################### 
0
0
1.188786142e-13
0
0
0
0
0
4.189106258e-14
0
1.084536393e-12
9.937011154e-13
8.194056503e-13
0
1.714772131e-14
1.287574237e-13
1.226184205e-12
1.000041313e-13
2.902282332e-13
6.731146266e-13
9.245783901e-13
1.08766011e-12
2.259305882e-12
1.190816916e-12
3.043752001e-13
1.718028063e-12
2.193338455e-12
1.439017789e-12
2.512577168e-12
4.561312721e-12
2.273467972e-12
2.208685171e-12
5.952938501e-12
4.993968481e-12
4.247989692e-12
8.950935642e-12
8.711865819e-12
1.278507844e-11
1.600231325e-11
1.547204299e-11
2.066195297e-11
1.715986657e-11
2.070447883e-11
1.617961259e-11
1.16663775e-11
2.110814591e-11
2.074600146e-11
1.774395666e-11
1.54101103e-11
2.445623345e-11
1.796067589e-11
1.401793671e-11
1.504076026e-11
1.843483085e-11
1.252457419e-11
8.826176168e-12
8.503462056e-12
1.169704403e-11
9.682433664e-12
6.474817843e-12
1.114308449e-11
9.266155082e-12
6.15315887e-12
5.511494172e-12
2.955520606e-12
3.916850971e-12
3.426020123e-12
2.286202328e-12
1.396887623e-13
1.961512835e-12
7.94685037e-13
1.363719493e-12
1.091833217e-13
1.22954521e-12
2.211381965e-13
1.749863946e-12
2.89433868e-13
1.831894952e-12
1.179529783e-12
6.890164358e-13
2.386379729e-12
1.149243717e-12
1.785480386e-13
1.388639265e-12
8.222343515e-13
8.680045406e-13
1.328188568e-12
9.793487349e-13
4.124989424e-12
1.079941517e-12
2.223767566e-13
5.003072974e-13
0
1.105214128e-12
3.97195869e-13
1.017095599e-13
1.206574152e-12
4.639796939e-13
6.281088413e-13
2.576531445e-13
