#################################### 
# Matrix Size= (50,400,400)
# Resol      = (100,1,1)
# VoxelSize  = (0.5,400,400)
# nbVal      = 100
#################################### 
1
1
1
1
1
1
1
1
0.7125664976
1
1
1
0.917493642
1
1
1
0.8663660173
0.890454828
0.9602151039
0.9737753957
0.7852538042
0.6190866925
0.5986081399
0.9939996275
1
0.5245141715
0.5604812538
0.6361608318
0.5745482365
0.5397703043
0.6248347772
0.5080640951
0.4463733322
0.4640132024
0.380470522
0.3552606908
0.3801234141
0.3278507404
0.3360464698
0.3423234554
0.2820988958
0.2930479881
0.3000614597
0.3539548895
0.3155781287
0.336545955
0.3063892746
0.3587599004
0.2888259801
0.2637615161
0.3255906554
0.3606018588
0.3153556744
0.4377894195
0.3367874765
0.4702047514
0.4003505449
0.4840311018
0.3843569843
0.3324428412
0.3893802591
0.3734832249
0.4101113914
0.562328094
0.3610181282
0.4380347712
0.544078748
0.5113691137
0.7309539986
0.5529285004
0.6124078818
0.6917781449
0.9752784316
0.7363335058
0.7144026984
0.7052097058
1
0.6015631029
0.7942310293
0.7274178977
0.6134647582
0.7776749909
0.9906781396
0.856940458
0.7540738959
0.9966976439
0.9986152191
1
0.8133951909
0.7447582755
1
1
1
0.8190740833
1
1
1
1
1
1
