#################################### 
# Matrix Size= (50,400,400)
# Resol      = (100,1,1)
# VoxelSize  = (0.5,400,400)
# nbVal      = 100
#################################### 
2.317570178e-10
2.490603903e-10
2.645881999e-10
3.22832415e-10
2.716136341e-10
3.035771514e-10
2.759321928e-10
3.122234983e-10
3.474890512e-10
3.684528718e-10
3.425696484e-10
3.493502944e-10
4.96311063e-10
4.807666228e-10
4.449101951e-10
5.231861248e-10
5.896909873e-10
6.641449139e-10
6.418131449e-10
7.620527443e-10
7.861436214e-10
8.937420969e-10
1.009924257e-09
1.053440824e-09
1.294018637e-09
1.675795317e-09
1.646749991e-09
1.891922256e-09
2.161932092e-09
2.944762645e-09
3.418305426e-09
5.003707444e-09
5.564675422e-09
7.063621985e-09
9.092672905e-09
1.323480458e-08
1.701662118e-08
2.115644699e-08
2.788551035e-08
3.575890524e-08
4.498076598e-08
5.60917689e-08
6.749743044e-08
8.263445095e-08
8.986149273e-08
1.001280873e-07
1.17320689e-07
1.284591039e-07
1.365721301e-07
1.38453907e-07
1.323654248e-07
1.345450174e-07
1.291123911e-07
1.149378692e-07
1.07871746e-07
9.28140119e-08
8.41833368e-08
6.878710539e-08
6.021056536e-08
5.024804548e-08
4.044768589e-08
3.043242562e-08
2.2422736e-08
1.924505754e-08
1.459836278e-08
1.190298563e-08
7.974553062e-09
5.567648628e-09
4.730856964e-09
3.258181142e-09
2.493599868e-09
2.311725043e-09
1.819693037e-09
1.47934019e-09
1.376456965e-09
1.446395376e-09
1.306326156e-09
1.269966064e-09
1.185452364e-09
1.156994041e-09
9.635256576e-10
7.603672514e-10
7.152448258e-10
6.075079203e-10
6.669133207e-10
6.157880895e-10
6.673558672e-10
4.905993992e-10
5.091936869e-10
4.597183833e-10
5.092650045e-10
4.833020449e-10
4.457138766e-10
4.611000436e-10
3.903596823e-10
4.689612173e-10
3.474990965e-10
3.818989891e-10
3.7329921e-10
3.047450619e-10
