#################################### 
# Matrix Size= (50,400,400)
# Resol      = (100,1,1)
# VoxelSize  = (0.5,400,400)
# nbVal      = 100
#################################### 
0
0
0.07615381887
0
0
0
0
0
0.02789799329
0
0.5748874309
0.52673777
0.4408624111
0
0.009089606865
0.09390794328
0.6499716299
0.05526590295
0.153980798
0.3568023542
0.4900974265
0.6089497159
1.232378231
0.8835506491
0.2039864795
0.9160741591
1.20911366
0.7740829285
1.345067504
2.314991544
1.197883639
1.310149364
2.813541391
2.594751665
2.058257799
4.251009953
4.627919257
6.856073683
7.417647905
5.974487416
7.030076823
8.344759521
10.5708624
8.772610383
6.297463622
11.4670522
11.12449513
9.510926612
8.512190021
12.88127595
8.759915976
7.326897821
7.733630872
10.03227693
6.06452936
4.390871024
4.347849343
6.582126136
4.895770268
3.433856326
6.056786245
5.220764138
3.252155757
3.427906291
1.664406269
2.202276566
2.133479012
1.227935336
0.07273837324
1.255312522
0.4745338147
0.8276425796
0.0664618545
0.6723696342
0.1262049851
0.9275620386
0.1534221385
0.9383979725
0.6252412099
0.2468185366
0.9150198381
0.6091872727
0.09106638159
0.2999068718
0.4358472402
0.1188988358
0.3196939293
0.519129908
1.768292963
0.4382655144
0.0001343551738
0.265201222
0
0.3135856429
0.2105442603
0.05391386398
0.6395767987
0.2459448073
0.3329458378
0.1365759187
