#################################### 
# Matrix Size= (50,400,400)
# Resol      = (100,1,1)
# VoxelSize  = (0.5,400,400)
# nbVal      = 100
#################################### 
0
0
0.005799404129
0
0
0
0
0
0.0003990127774
0
0.3304955582
0.2774526783
0.1639184012
0
8.262095297e-05
0.008818701811
0.31815029
0.002428125483
0.02187949953
0.1207841702
0.149031044
0.1444104327
0.5539638413
0.7714147385
0.04161048384
0.2369575423
0.4692846728
0.2460654345
0.6093491371
1.59938718
0.5689683859
0.4558105606
1.640646864
1.502444888
0.6494873585
2.43865789
3.277945127
5.471997544
6.701506378
4.497988669
4.387880547
6.616604038
11.0778242
10.31486775
4.30661258
16.05934709
12.738738
12.43084345
6.708556445
13.08741984
8.820755144
7.447683046
6.486572751
20.10344792
4.497701636
4.412779325
3.188649483
10.48204223
3.745160147
1.408043489
5.873243949
4.036528478
1.866855104
3.796021334
0.3851496835
0.969789637
1.379454788
0.4054291437
0.002851519183
0.4927125052
0.08586044584
0.3313796765
0.004203635542
0.2471821
0.008207025316
0.4322054083
0.0235383526
0.3242858099
0.2480409148
0.03252153795
0.320315762
0.2259054881
0.008140731457
0.06628913802
0.1088375177
0.01404464911
0.1019241722
0.2694958614
2.079348205
0.1073935647
1.805131273e-08
0.07033168816
0
0.06629549823
0.04432888553
0.002906704729
0.4090584814
0.06048884821
0.1108529309
0.01865298157
