#################################### 
# Matrix Size= (50,400,400)
# Resol      = (100,1,1)
# VoxelSize  = (0.5,400,400)
# nbVal      = 100
#################################### 
0.4674132766
0.3199982773
0.3334860993
0.3867951149
0.3098851614
0.2641241655
0.270330668
0.4188047243
0.2362544044
0.2273112805
0.2228078765
0.2416751915
0.2052239444
0.2021020418
0.1922122508
0.2001347175
0.1700457319
0.1624065746
0.1596003155
0.157524739
0.1594916997
0.1316805257
0.1262420543
0.1322366004
0.1184152799
0.1177394402
0.1260782919
0.1058498005
0.1158356441
0.1210868404
0.1070521594
0.1139742697
0.09434365743
0.08991589016
0.0802366302
0.07255727629
0.06407924464
0.05882710337
0.05200808111
0.04556315901
0.04097888657
0.03688059415
0.03367327859
0.03058648366
0.02879034218
0.02695000891
0.02527552908
0.02371126101
0.02370823529
0.02345198188
0.02376449769
0.02402574858
0.02445922092
0.02572242411
0.02732954819
0.0295282402
0.03161191922
0.03405736373
0.03740225012
0.03997961161
0.04429254848
0.05053904919
0.0559031901
0.06056018392
0.06639589566
0.07565663452
0.08434499265
0.1040028506
0.1076690949
0.1193178894
0.09871730705
0.09798988196
0.1102856963
0.1130773806
0.1042517145
0.1126347569
0.109776368
0.1212254586
0.1301085221
0.1253895309
0.1411180264
0.1398995014
0.1442438449
0.1748926626
0.1645336871
0.1783640532
0.1848961226
0.224180822
0.2092133863
0.2016454569
0.2018572101
0.2234546851
0.2098104304
0.2120984111
0.2148552703
0.2439597495
0.2670344557
0.2569354608
0.2833422482
0.3507123454
