#################################### 
# Matrix Size= (50,400,400)
# Resol      = (100,1,1)
# VoxelSize  = (0.5,400,400)
# nbVal      = 100
#################################### 
37.57781997
46.39382092
54.07796417
61.10703721
65.15263703
68.84734791
51.9796268
93.77945299
88.41048787
97.90741023
84.63830086
98.10320395
144.9165709
135.2030949
128.4769237
150.6882114
197.9574328
230.7115212
212.7010295
262.873072
258.3762844
300.6155032
342.3881165
370.8860946
503.8352039
689.5525182
640.9728902
767.1856565
850.8529151
1244.574437
1311.137421
2158.115982
2266.844008
3074.438566
3819.330208
5563.865891
7318.687997
9287.044099
12279.21955
15289.068
19656.55301
24244.81582
29296.2
36465.75455
39707.6908
44012.95499
51972.16342
56381.9782
59971.88515
60687.43464
56269.9129
56931.10242
55162.29973
49300.40994
44004.7003
38582.18302
34920.56315
28775.97831
24133.40705
20676.36846
16318.78404
12603.31656
9015.199211
7557.647148
5952.450213
4935.582601
3490.477906
2434.270017
1952.852235
1353.765321
939.2639393
909.55661
725.5224182
570.9900424
516.5170544
559.8870854
456.7818046
442.259822
424.683469
418.1625581
352.5192865
239.4961873
239.8078568
167.5682268
203.950498
195.7191187
195.9333857
116.1426631
121.8891059
97.48612935
113.987429
85.86841879
94.61329755
80.16506088
87.96163755
103.4858484
65.98136326
73.49586463
70.53150803
45.7871623
