#################################### 
# Matrix Size= (50,400,400)
# Resol      = (100,1,1)
# VoxelSize  = (0.5,400,400)
# nbVal      = 100
#################################### 
308.6175208
220.5952152
325.494068
558.9734748
408.0131788
331.1078158
197.7003573
1543.272662
437.02012
496.2145014
356.307986
563.0281372
886.5000672
748.3991954
611.4247056
911.6812456
1136.923296
1409.113435
1156.818021
1721.445033
1704.677208
1575.868922
1879.831221
2418.899305
3584.557833
6638.303742
6571.134884
6652.685249
9785.318983
22863.59353
19870.89353
60960.78617
46246.39117
77357.13564
95361.05336
166052.2091
225272.8128
307071.4343
422870.915
508603.9998
687409.2638
858229.007
1058909.898
1376876.881
1464441.06
1600524.031
1995545.841
2104983.014
2381054.163
2393707.767
2104625.442
2194838.584
2124519.051
1851035.915
1639812.229
1446651.08
1340431.216
1043176.209
872926.3541
726005.3044
549018.6384
421561.3642
262096.2051
215173.2806
159725.0222
141856.7603
87883.58767
64681.72327
44586.98046
26272.08965
8684.658293
8025.618553
6454.357466
4200.961973
2925.973355
4007.859567
2535.018962
2893.641761
3070.838521
2766.452266
2486.926207
1128.235222
1202.155077
861.5902331
1130.100931
1222.364837
1316.126701
679.2042849
651.7131294
387.3343297
530.6689384
368.8683714
394.912273
289.7117316
357.9110179
638.3869808
310.8439518
357.0983982
399.8400117
258.047177
